0.000002 0.000956 0.004667 0.000824 0.002484 0.002753 0.001927 0.004605 0.000256 0.001037 0.008499 0.009772 0.004365 0.004982 0.000022 0.000848 0.002740 0.006101 0.007563 0.000105 0.000075 0.001346 0.000077 0.001155 0.001495 0.000292 0.000000 0.000000 0.000000 0.000000 0.001765 0.002425
0.000633 0.000007 0.000118 0.000006 0.000028 0.003108 0.000006 0.000011 0.001002 0.000000 0.000053 0.001032 0.000118 0.000842 0.003452 0.000000 0.001296 0.000178 0.000007 0.002409 0.000000 0.000070 0.000004 0.000007 0.000018 0.000337 0.000208 0.006859 0.000184 0.000000 0.000020 0.000995
0.009137 0.000004 0.000028 0.000011 0.000370 0.009025 0.000000 0.000388 0.004022 0.000000 0.000210 0.002172 0.000208 0.002939 0.009597 0.000268 0.000971 0.004068 0.000335 0.001151 0.000000 0.000044 0.000077 0.000105 0.000550 0.000007 0.000002 0.003924 0.000265 0.000004 0.000006 0.000270
0.001318 0.000000 0.000018 0.000002 0.001929 0.000531 0.000000 0.000000 0.001004 0.000000 0.000186 0.001309 0.000035 0.000142 0.012197 0.000000 0.000815 0.000035 0.000000 0.000688 0.000000 0.000000 0.000000 0.000074 0.000004 0.000000 0.000000 0.000000 0.000000 0.000000 0.000004 0.000000
0.007080 0.000015 0.001072 0.000017 0.000055 0.007778 0.000013 0.000011 0.003051 0.000000 0.000333 0.001407 0.000360 0.002630 0.006002 0.000099 0.002107 0.000390 0.000263 0.003045 0.000000 0.000022 0.000160 0.000037 0.000064 0.000000 0.000007 0.000754 0.001561 0.000000 0.000018 0.000368
0.000101 0.002118 0.002411 0.004029 0.004198 0.002832 0.001368 0.002083 0.000465 0.003299 0.002451 0.008496 0.005636 0.010969 0.000268 0.001603 0.010073 0.005897 0.009485 0.000164 0.000011 0.000702 0.000309 0.001528 0.001427 0.001208 0.000000 0.000000 0.000000 0.000000 0.000725 0.000178
0.001488 0.000048 0.000000 0.000011 0.001521 0.005886 0.000007 0.000000 0.002071 0.000000 0.000088 0.000006 0.000020 0.001782 0.000048 0.000000 0.000004 0.000015 0.000000 0.000511 0.000000 0.000000 0.000000 0.000116 0.000000 0.000000 0.000000 0.000000 0.000050 0.000000 0.000143 0.000000
0.006083 0.000263 0.001276 0.000460 0.000951 0.000211 0.000129 0.000020 0.000456 0.000000 0.000149 0.000274 0.000360 0.003152 0.000708 0.000000 0.000223 0.000048 0.000011 0.000360 0.000000 0.000000 0.000011 0.000053 0.000004 0.000000 0.000031 0.000539 0.000131 0.000000 0.000000 0.000605
0.000136 0.000752 0.002538 0.000570 0.002139 0.002902 0.000346 0.002861 0.000660 0.001477 0.001900 0.005934 0.003941 0.003924 0.000191 0.000182 0.001302 0.002813 0.007322 0.000039 0.000013 0.002874 0.001215 0.001900 0.000884 0.000134 0.000000 0.000000 0.000000 0.000002 0.000439 0.002139
0.000000 0.000000 0.000000 0.000002 0.000318 0.000004 0.000000 0.000000 0.000000 0.000000 0.000116 0.000011 0.000042 0.000520 0.000011 0.000000 0.000000 0.000804 0.000496 0.000000 0.000000 0.000000 0.000044 0.000074 0.000132 0.000009 0.000000 0.000000 0.000000 0.000002 0.000000 0.000000
0.010423 0.000000 0.000182 0.000000 0.000004 0.000517 0.000072 0.000037 0.004185 0.000000 0.000026 0.000430 0.000000 0.000447 0.012789 0.000000 0.001497 0.000842 0.000824 0.001813 0.000000 0.000000 0.000024 0.000000 0.000006 0.000000 0.000000 0.000000 0.000000 0.000000 0.000000 0.000000
0.009272 0.000022 0.000020 0.000331 0.000011 0.005423 0.000559 0.000000 0.008637 0.000002 0.000388 0.000097 0.000006 0.000351 0.009878 0.000024 0.000004 0.000953 0.000086 0.002004 0.000007 0.000000 0.000000 0.000195 0.000000 0.000004 0.000000 0.000873 0.007013 0.000000 0.002214 0.002240
0.004777 0.000024 0.000000 0.000007 0.000000 0.006418 0.000000 0.000009 0.003987 0.000000 0.000053 0.000158 0.000035 0.003086 0.005647 0.000112 0.000055 0.000226 0.000018 0.003536 0.000009 0.000000 0.000011 0.000028 0.000000 0.000000 0.000000 0.001567 0.000055 0.000000 0.000002 0.000478
0.015546 0.000004 0.000007 0.000086 0.000309 0.017103 0.000009 0.000015 0.010871 0.000000 0.000232 0.000002 0.000000 0.002545 0.015691 0.000000 0.000160 0.000491 0.000870 0.002497 0.000006 0.000002 0.000318 0.000331 0.000015 0.000379 0.000000 0.004354 0.002729 0.000000 0.000127 0.002425
0.000002 0.005653 0.012924 0.007109 0.005855 0.003132 0.002560 0.001418 0.001215 0.004331 0.001938 0.008700 0.007122 0.008102 0.000243 0.002330 0.008600 0.008058 0.009239 0.000108 0.000145 0.000531 0.000112 0.003937 0.001811 0.000188 0.000000 0.000000 0.000000 0.000132 0.001885 0.000765
0.002218 0.000000 0.000000 0.000000 0.000002 0.003216 0.000000 0.000000 0.001085 0.000000 0.000110 0.000647 0.000000 0.000086 0.012195 0.000031 0.008407 0.000037 0.000022 0.001197 0.000000 0.000000 0.000004 0.000055 0.000006 0.000006 0.000000 0.000283 0.000132 0.000000 0.000000 0.000519
0.010783 0.000162 0.000443 0.000592 0.000360 0.007291 0.000458 0.000031 0.006839 0.000000 0.000177 0.000090 0.000153 0.000815 0.009437 0.000085 0.000020 0.001090 0.000649 0.003667 0.000011 0.000046 0.000136 0.000147 0.000357 0.000007 0.000000 0.001828 0.001866 0.000000 0.000333 0.001032
0.003082 0.000075 0.001809 0.000009 0.000338 0.005903 0.000018 0.000000 0.001931 0.000000 0.004831 0.004673 0.000987 0.001223 0.003064 0.001855 0.000241 0.001004 0.015062 0.000715 0.000011 0.000270 0.000079 0.000609 0.000046 0.000000 0.000024 0.000298 0.003470 0.000000 0.000114 0.005375
0.008983 0.000037 0.003656 0.000042 0.000267 0.008646 0.000000 0.000015 0.004776 0.000000 0.000485 0.000388 0.000018 0.001570 0.022083 0.000138 0.003873 0.002194 0.000110 0.001637 0.000000 0.000015 0.000090 0.000154 0.000004 0.000004 0.000006 0.002444 0.011350 0.000000 0.000059 0.000651
0.000050 0.000517 0.001072 0.001877 0.003290 0.000485 0.002946 0.000355 0.000007 0.000280 0.000726 0.000686 0.002047 0.000143 0.000013 0.000899 0.000942 0.001653 0.001661 0.000004 0.000015 0.001022 0.000004 0.001545 0.001078 0.000248 0.000000 0.000000 0.000000 0.000006 0.001221 0.000042
0.000199 0.000000 0.000000 0.000000 0.000000 0.000208 0.000000 0.000000 0.000237 0.000000 0.000000 0.000013 0.000002 0.000000 0.000132 0.000000 0.000134 0.000004 0.000000 0.000028 0.000029 0.000000 0.000000 0.000000 0.000002 0.000000 0.000000 0.000007 0.000000 0.000000 0.000000 0.000002
0.000844 0.000000 0.000160 0.000000 0.000002 0.000079 0.000000 0.000000 0.000208 0.000000 0.000000 0.000171 0.000303 0.000120 0.004128 0.000000 0.000085 0.000028 0.000002 0.000138 0.000000 0.000000 0.000000 0.000000 0.000000 0.000000 0.000000 0.000000 0.000000 0.000000 0.000000 0.000000
0.000969 0.000000 0.000072 0.000000 0.000000 0.000886 0.000000 0.000000 0.000316 0.000000 0.000037 0.000000 0.000000 0.000002 0.000287 0.000000 0.000000 0.000000 0.000000 0.000239 0.000000 0.000000 0.000002 0.000000 0.000000 0.000000 0.000000 0.000191 0.000000 0.000000 0.000000 0.000000
0.003069 0.000000 0.000011 0.000000 0.000000 0.006844 0.000000 0.000000 0.002595 0.000000 0.000942 0.000024 0.000000 0.001223 0.000048 0.000000 0.000059 0.000006 0.006256 0.001002 0.000000 0.000000 0.000000 0.000007 0.000303 0.000000 0.000000 0.000000 0.000237 0.000000 0.000000 0.000000
0.001298 0.000000 0.000136 0.000000 0.000000 0.003181 0.000000 0.000000 0.001609 0.000000 0.000737 0.000686 0.000013 0.000585 0.000476 0.000031 0.000000 0.000000 0.000081 0.000406 0.000000 0.000000 0.000000 0.000000 0.000000 0.000000 0.000000 0.000000 0.001087 0.000000 0.000000 0.000000
0.000394 0.000000 0.000000 0.000000 0.000000 0.001874 0.000000 0.000000 0.001011 0.000000 0.000000 0.000000 0.000000 0.000083 0.000007 0.000000 0.000002 0.000000 0.000000 0.000072 0.000000 0.000000 0.000000 0.000000 0.000000 0.000000 0.000000 0.000000 0.000086 0.000000 0.000000 0.000000
0.000000 0.000000 0.000000 0.000000 0.000000 0.000063 0.000000 0.000000 0.000000 0.000000 0.000000 0.000000 0.000000 0.000000 0.000000 0.000000 0.000000 0.000000 0.000000 0.000000 0.000000 0.000000 0.000000 0.000000 0.000000 0.000000 0.000000 0.000000 0.000000 0.000000 0.000000 0.000215
0.000000 0.000202 0.001298 0.000193 0.000149 0.001469 0.000017 0.000057 0.000017 0.001710 0.000300 0.003338 0.001289 0.000373 0.000000 0.000129 0.000300 0.000886 0.001067 0.000029 0.000004 0.001392 0.000007 0.000280 0.000438 0.000013 0.000000 0.000000 0.000000 0.000000 0.000000 0.000002
0.000000 0.000215 0.000015 0.000142 0.000013 0.000873 0.000000 0.000412 0.000147 0.000000 0.002635 0.000000 0.000318 0.002194 0.000002 0.000002 0.000000 0.001763 0.000211 0.000000 0.000004 0.000000 0.000029 0.000020 0.001050 0.000020 0.000000 0.000000 0.000000 0.000000 0.000726 0.000973
0.000000 0.000000 0.000000 0.000039 0.000000 0.000000 0.000000 0.000009 0.000000 0.000000 0.000075 0.000050 0.000011 0.000022 0.000000 0.000022 0.000007 0.000018 0.005022 0.000000 0.000028 0.000007 0.000000 0.000000 0.000000 0.000000 0.000000 0.000000 0.000000 0.000000 0.000000 0.000000
0.000002 0.000934 0.000000 0.000024 0.000850 0.000000 0.000026 0.000004 0.000000 0.000000 0.000051 0.000171 0.000188 0.000031 0.000000 0.000000 0.000020 0.000245 0.000873 0.000000 0.000002 0.000006 0.000002 0.000094 0.000040 0.000454 0.000000 0.000000 0.000000 0.000000 0.000029 0.000000
0.000000 0.000004 0.000278 0.000090 0.000406 0.000305 0.000208 0.000388 0.000024 0.000147 0.000364 0.000756 0.000559 0.000500 0.000000 0.000020 0.000046 0.000438 0.002398 0.000000 0.000000 0.000254 0.000180 0.000134 0.000002 0.000177 0.000000 0.000000 0.000000 0.000000 0.000261 0.000072